Alphabet	n	N	mean_M	max_M	mean_minus	mean_plus	max_minus	max_plus	mean_max_length	max_max_length	mean_sum_length	max_sum_length
['A', 'U', 'G', 'C']	20	1000	34,592	48	7,51	7,433	17	16	5,313	9	114,974	164
['A', 'U', 'G', 'C']	21	1000	36,378	50	7,579	7,551	17	15	5,42	11	122,305	165
['A', 'U', 'G', 'C']	22	1000	38,252	54	7,656	7,662	15	17	5,413	9	129,895	172
['A', 'U', 'G', 'C']	23	1000	40,206	55	7,869	7,897	17	17	5,484	10	137,958	182
['A', 'U', 'G', 'C']	24	1000	41,921	58	8,015	7,953	17	17	5,586	10	145,355	191
['A', 'U', 'G', 'C']	25	1000	43,76	59	8,165	7,973	17	20	5,68	10	153,049	198
['A', 'U', 'G', 'C']	26	1000	45,556	62	8,08	8,157	17	19	5,766	10	160,718	211
['A', 'U', 'G', 'C']	27	1000	47,24	63	8,261	8,37	18	17	5,783	11	168,239	213
['A', 'U', 'G', 'C']	28	1000	48,728	64	8,341	8,292	20	18	5,878	9	174,747	218
['A', 'U', 'G', 'C']	29	1000	50,897	66	8,644	8,697	19	17	5,829	10	183,838	230
['A', 'U', 'G', 'C']	30	1000	52,658	69	8,636	8,689	19	18	5,932	10	191,746	244
['A', 'U', 'G', 'C']	31	1000	54,483	72	8,695	8,646	22	18	6,006	11	199,531	260
['A', 'U', 'G', 'C']	32	1000	56,194	73	8,804	8,691	19	21	6,071	13	207,401	259
['A', 'U', 'G', 'C']	33	1000	57,913	76	8,73	8,727	18	19	6,086	12	214,947	274
['A', 'U', 'G', 'C']	34	1000	59,988	77	8,80	8,941	20	19	6,164	12	224,051	278
['A', 'U', 'G', 'C']	35	1000	61,513	79	8,935	9,057	18	18	6,152	12	231,241	296
['A', 'U', 'G', 'C']	36	1000	63,506	78	9,138	9,025	20	18	6,17	11	240,048	289
['A', 'U', 'G', 'C']	37	1000	64,903	83	9,115	9,102	19	20	6,261	10	246,953	308
['A', 'U', 'G', 'C']	38	1000	66,859	83	9,26	9,162	23	18	6,345	11	255,545	309
['A', 'U', 'G', 'C']	39	1000	68,643	86	9,072	9,011	20	19	6,346	11	263,979	328
['A', 'U', 'G', 'C']	40	1000	70,73	90	9,501	9,404	18	19	6,351	11	272,834	335
['A', 'U', 'G', 'C']	41	1000	71,947	91	9,274	9,409	20	18	6,42	10	279,501	344
['A', 'U', 'G', 'C']	42	1000	73,922	92	9,607	9,503	20	20	6,431	10	288,771	349
['A', 'U', 'G', 'C']	43	1000	75,815	94	9,655	9,459	21	18	6,509	13	296,693	359
['A', 'U', 'G', 'C']	44	1000	77,348	97	9,626	9,724	21	20	6,528	12	304,963	383
['A', 'U', 'G', 'C']	45	1000	79,003	99	9,619	9,746	20	23	6,618	11	312,837	383
['A', 'U', 'G', 'C']	46	1000	81,149	99	9,689	9,809	19	19	6,623	12	322,093	381
['A', 'U', 'G', 'C']	47	1000	82,51	100	9,887	9,902	20	21	6,67	11	329,798	389
['A', 'U', 'G', 'C']	48	1000	84,756	112	9,914	9,954	19	19	6,688	12	339,679	436
['A', 'U', 'G', 'C']	49	1000	86,439	112	9,88	9,755	18	20	6,722	11	347,807	441
['A', 'U', 'G', 'C']	50	1000	88,291	109	9,834	10,049	20	20	6,685	12	356,466	430
['A', 'U', 'G', 'C']	51	1000	89,931	109	10,148	10,05	19	20	6,785	11	364,674	432
['A', 'U', 'G', 'C']	52	1000	91,659	110	10,214	10,08	22	20	6,801	12	372,868	438
['A', 'U', 'G', 'C']	53	1000	93,699	111	9,93	10,154	19	21	6,817	11	382,473	450
['A', 'U', 'G', 'C']	54	1000	95,159	115	10,185	10,11	21	19	6,846	10	390,309	460
['A', 'U', 'G', 'C']	55	1000	97,089	118	10,139	10,27	20	21	6,912	11	399,646	471
['A', 'U', 'G', 'C']	56	1000	99,116	122	10,476	10,161	21	21	6,91	11	409,607	495
['A', 'U', 'G', 'C']	57	1000	100,384	125	10,308	10,311	20	21	6,923	11	415,837	503
['A', 'U', 'G', 'C']	58	1000	101,9	124	10,511	10,488	21	22	6,972	11	423,772	502
['A', 'U', 'G', 'C']	59	1000	104,238	127	10,383	10,52	22	25	6,984	13	434,58	513
['A', 'U', 'G', 'C']	60	1000	106,628	126	10,719	10,737	20	20	6,942	11	445,803	514
['A', 'U', 'G', 'C']	61	1000	107,763	133	10,701	10,635	20	20	7,032	12	452,315	542
['A', 'U', 'G', 'C']	62	1000	108,857	128	10,759	10,729	21	22	7,095	12	458,907	543
['A', 'U', 'G', 'C']	63	1000	111,305	140	10,69	10,576	23	20	7,11	12	470,199	568
['A', 'U', 'G', 'C']	64	1000	113,187	135	10,901	10,873	21	20	7,096	12	479,362	565
['A', 'U', 'G', 'C']	65	1000	115,173	139	10,644	10,652	20	22	7,122	11	488,944	575
['A', 'U', 'G', 'C']	66	1000	116,554	143	10,706	10,747	20	22	7,116	11	496,494	600
['A', 'U', 'G', 'C']	67	1000	118,412	144	10,74	10,612	21	20	7,158	12	505,984	595
['A', 'U', 'G', 'C']	68	1000	120,539	148	10,757	11,01	20	22	7,171	11	515,988	608
['A', 'U', 'G', 'C']	69	1000	122,579	144	11,036	11,082	22	21	7,209	12	525,768	605
['A', 'U', 'G', 'C']	70	1000	123,966	149	11,156	11,005	22	22	7,251	12	533,42	622
['A', 'U', 'G', 'C']	71	1000	126,044	152	11,152	10,944	21	22	7,24	12	543,546	636
['A', 'U', 'G', 'C']	72	1000	127,507	162	10,975	10,932	22	22	7,308	12	551,606	674
['A', 'U', 'G', 'C']	73	1000	129,068	160	10,982	11,138	20	22	7,35	13	560,012	678
['A', 'U', 'G', 'C']	74	1000	131,102	155	10,859	11,141	21	25	7,338	11	570,078	653
['A', 'U', 'G', 'C']	75	1000	132,671	159	11,068	11,2	21	20	7,38	11	578,639	679
['A', 'U', 'G', 'C']	76	1000	135,087	160	11,165	11,164	22	22	7,303	12	590,089	684
['A', 'U', 'G', 'C']	77	1000	136,427	162	11,184	11,257	22	23	7,414	12	597,027	690
['A', 'U', 'G', 'C']	78	1000	138,948	172	11,338	11,08	24	22	7,349	15	609,145	727
['A', 'U', 'G', 'C']	79	1000	140,289	174	11,213	11,243	23	22	7,426	11	616,857	739
['A', 'U', 'G', 'C']	80	1000	142,516	169	11,317	11,373	22	24	7,439	14	627,563	726
['A', 'U', 'G', 'C']	81	1000	143,694	167	11,263	11,418	23	21	7,453	14	634,36	731
['A', 'U', 'G', 'C']	82	1000	146,064	172	11,385	11,446	25	23	7,436	12	645,84	743
['A', 'U', 'G', 'C']	83	1000	147,647	175	11,404	11,477	24	22	7,512	12	654,404	760
['A', 'U', 'G', 'C']	84	1000	149,664	177	11,411	11,478	21	23	7,474	14	664,528	771
['A', 'U', 'G', 'C']	85	1000	151,427	181	11,629	11,599	23	24	7,564	13	674,266	785
['A', 'U', 'G', 'C']	86	1000	153,36	182	11,506	11,542	22	22	7,489	13	683,591	787
['A', 'U', 'G', 'C']	87	1000	155,378	187	11,621	11,52	24	21	7,54	12	693,731	812
['A', 'U', 'G', 'C']	88	1000	156,694	188	11,69	11,639	21	22	7,593	12	701,377	819
['A', 'U', 'G', 'C']	89	1000	158,648	201	11,572	11,501	21	22	7,583	12	711,642	863
['A', 'U', 'G', 'C']	90	1000	160,428	190	11,688	11,633	21	21	7,564	12	720,92	829
['A', 'U', 'G', 'C']	91	1000	162,616	196	11,7	11,602	25	22	7,603	11	731,539	857
['A', 'U', 'G', 'C']	92	1000	163,988	193	11,901	11,644	23	23	7,624	12	739,55	845
['A', 'U', 'G', 'C']	93	1000	166,305	198	11,655	11,677	23	23	7,654	13	751,1	869
['A', 'U', 'G', 'C']	94	1000	167,522	205	11,763	11,668	22	23	7,698	12	758,259	909
['A', 'U', 'G', 'C']	95	1000	169,747	213	11,627	11,794	22	22	7,678	14	769,206	924
['A', 'U', 'G', 'C']	96	1000	171,842	202	12,012	11,78	22	23	7,684	13	780,19	897
['A', 'U', 'G', 'C']	97	1000	172,855	213	11,761	11,942	23	26	7,787	13	786,598	932
['A', 'U', 'G', 'C']	98	1000	174,566	206	11,922	11,932	23	22	7,745	12	796,07	921
['A', 'U', 'G', 'C']	99	1000	176,343	210	11,861	11,9	22	23	7,822	12	805,116	922
['A', 'U', 'G', 'C']	100	1000	179,259	216	11,853	11,803	22	25	7,774	14	818,98	958 

['A','U','G','C'] 3 7 0,05 100 100,0 100,0 100,0 0,0 0,0 0,0 0,0
['A','U','G','C'] 3 7 0,1 100 100,0 100,0 100,0 0,0 0,0 0,0 0,0
['A','U','G','C'] 3 7 0,15 100 100,0 96,0 100,0 0,0 0,0 0,0 0,0
['A','U','G','C'] 3 7 0,2 100 100,0 91,0 100,0 0,0 0,0 0,0 0,0
['A','U','G','C'] 3 7 0,25 100 100,0 83,0 100,0 0,0 0,0 0,0 0,0
['A','U','G','C'] 3 7 0,3 100 100,0 75,0 98,0 0,0 0,0 0,0 0,0
['A','U','G','C'] 3 7 0,35 100 100,0 57,99999999999999 98,0 0,0 0,0 0,0 0,0
['A','U','G','C'] 3 7 0,4 100 98,0 36,0 88,0 0,0 2,0 16,666666666666664 0,0
['A','U','G','C'] 3 7 0,45 100 99,0 25,0 51,0 0,0 1,0 2,0408163265306123 0,0
['A','U','G','C'] 3 7 0,5 100 98,0 8,0 18,0 0,0 2,0 2,4390243902439024 0,0
['A','U','G','C'] 3 7 0,55 100 91,0 0,0 8,0 0,0 9,0 9,782608695652174 0,0
['A','U','G','C'] 3 7 0,6 100 87,0 0,0 2,0 0,0 13,0 13,26530612244898 0,0
['A','U','G','C'] 3 7 0,65 100 84,0 1,0 3,0 0,0 16,0 16,49484536082474 0,0
['A','U','G','C'] 3 7 0,7 100 73,0 0,0 4,0 0,0 27,0 28,125 0,0
['A','U','G','C'] 3 7 0,75 100 70,0 13,0 12,0 4,0 30,0 34,090909090909086 0,0
['A','U','G','C'] 3 7 0,8 100 77,0 33,0 39,0 15,0 23,0 37,704918032786885 0,0
['A','U','G','C'] 3 7 0,85 100 83,0 56,00000000000001 64,0 31,0 17,0 47,22222222222222 0,0
['A','U','G','C'] 3 7 0,9 100 92,0 74,0 82,0 59,0 8,0 44,44444444444444 0,0
['A','U','G','C'] 3 7 0,95 100 97,0 94,0 94,0 76,0 3,0 50,0 0,0


['A','C'] 5 10 0,05 1000 100,0 89,2 100,0 0,0 0,0 0,0 0,0
['A','C'] 5 10 0,1 1000 98,8 54,900000000000006 98,8 0,0 1,2 100,0 0,0
['A','C'] 5 10 0,15 1000 97,6 36,5 97,0 0,0 2,4 80,0 0,0
['A','C'] 5 10 0,2 1000 93,4 11,3 83,1 0,0 6,6000000000000005 39,053254437869825 0,0
['A','C'] 5 10 0,25 1000 87,2 2,5 49,1 0,0 12,8 25,147347740667975 0,0
['A','C'] 5 10 0,3 1000 82,6 1,6 32,2 0,0 17,4 25,663716814159294 0,0
['A','C'] 5 10 0,35 1000 75,9 0,2 13,900000000000002 0,0 24,099999999999998 27,990708478513355 0,0
['A','C'] 5 10 0,4 1000 68,89999999999999 0,8999999999999999 10,7 0,0 31,1 34,82642777155655 0,0
['A','C'] 5 10 0,45 1000 57,099999999999994 2,7 9,8 0,0 42,9 47,5609756097561 0,0
['A','C'] 5 10 0,5 1000 57,8 9,700000000000001 15,7 1,7000000000000002 42,199999999999996 50,05931198102017 0,0
['A','C'] 5 10 0,55 1000 61,8 16,400000000000002 19,900000000000002 3,2 38,2 47,690387016229714 0,0
['A','C'] 5 10 0,6 1000 71,0 32,5 43,5 14,099999999999998 28,999999999999996 51,32743362831859 0,0
['A','C'] 5 10 0,65 1000 76,2 38,5 54,0 19,1 23,799999999999997 51,73913043478261 0,0
['A','C'] 5 10 0,7 1000 83,89999999999999 56,00000000000001 71,0 33,7 16,1 55,51724137931034 0,0
['A','C'] 5 10 0,75 1000 91,8 76,5 85,1 51,7 8,200000000000001 55,033557046979865 0,0
['A','C'] 5 10 0,8 1000 93,7 77,3 89,3 55,50000000000001 6,3 58,87850467289719 0,0
['A','C'] 5 10 0,85 1000 98,2 89,7 96,1 69,5 1,7999999999999998 46,15384615384615 0,0
['A','C'] 5 10 0,9 1000 98,4 92,9 97,39999999999999 73,2 1,6 61,53846153846154 0,0
['A','C'] 5 10 0,95 1000 99,6 98,0 99,3 88,2 0,4 57,14285714285714 0,0

['A','C'] 6 12 0,05 1000 99,9 74,2 99,9 0,0 0,1 100,0 0,0
['A','C'] 6 12 0,1 1000 97,7 36,0 97,1 0,0 2,3 79,3103448275862 0,0
['A','C'] 6 12 0,15 1000 96,39999999999999 13,100000000000001 93,60000000000001 0,0 3,5999999999999996 56,25 0,0
['A','C'] 6 12 0,2 1000 92,5 5,0 75,1 0,0 7,5 30,120481927710845 0,0
['A','C'] 6 12 0,25 1000 88,7 0,6 34,5 0,0 11,3 17,251908396946565 0,0
['A','C'] 6 12 0,3 1000 79,80000000000001 0,1 11,4 0,0 20,200000000000003 22,799097065462753 0,0
['A','C'] 6 12 0,35 1000 73,6 0,0 3,9 0,0 26,400000000000002 27,471383975026015 0,0
['A','C'] 6 12 0,4 1000 61,5 1,0 1,0999999999999999 0,0 38,5 38,92821031344793 0,0
['A','C'] 6 12 0,45 1000 56,2 2,3 1,3 0,0 43,8 44,37689969604863 0,0
['A','C'] 6 12 0,5 1000 53,5 9,8 3,3000000000000003 0,8999999999999999 46,5 48,08686659772492 0,0
['A','C'] 6 12 0,55 1000 55,900000000000006 18,6 10,7 2,4 44,1 49,38409854423293 0,0
['A','C'] 6 12 0,6 1000 66,0 29,7 25,4 8,200000000000001 34,0 45,57640750670242 0,0
['A','C'] 6 12 0,65 1000 77,2 44,9 48,6 20,599999999999998 22,8 44,3579766536965 0,0
['A','C'] 6 12 0,7 1000 83,39999999999999 59,3 67,2 32,800000000000004 16,6 50,609756097560975 0,0
['A','C'] 6 12 0,75 1000 90,2 72,1 82,0 50,7 9,8 54,44444444444444 0,0
['A','C'] 6 12 0,8 1000 95,0 82,89999999999999 90,10000000000001 61,4 5,0 50,505050505050505 0,0
['A','C'] 6 12 0,85 1000 98,1 90,0 94,89999999999999 68,2 1,9 37,254901960784316 0,0
['A','C'] 6 12 0,9 1000 98,7 94,69999999999999 97,6 78,5 1,3 54,166666666666664 0,0
['A','C'] 6 12 0,95 1000 99,5 98,3 99,2 86,7 0,5 62,5 0,0